140.3
140
139.6
139.5
139.8
139.4
139
138.7
138.9
138.8
138.3
138.6
139
138.6
138.3
138.8
138.4
138.5
138.3
137.9
137.5
137.1
137.1
137.3
137
136.5
136.6
136.7
136.6
136.2
136.4
135.9
136.3
136.4
136.2
136.7
137.1
137.4
137
136.6
136.7
136.7
136.8
137.2
137.2
136.9
137.3
137
136.7
137.1
136.9
136.7
136.6
136.7
136.6
136.5
136.6
137
136.7
137.2
137
137.1
137.6
137.5
137.1
137.1
137.6
137.7
137.6
137.4
137
137.2
137.1
137.1
137.1
137.5
137.1
137
137.1
137.1
137.3
136.8
137.1
137
136.9
137.4
137.5
137.2
136.7
136.7
136.4
136.7
136.7
136.4
136.2
136.3
136.4
136.3
136.7
136.8
137.2
137.6
137.4
137.3
137.4
137.3
137.6
137.3
137.1
137.5
137.7
137.3
137.2
137.6
137.3
136.9
137.1
137.5
137.7
137.3
137.6
137.6
137.6
137.7
137.5
137.4
137.7
137.3
137.2
136.7
137
136.6
136.8
136.4
136.1
136.6
136.4
136.5
136.9
136.4
136.5
136.7
136.4
136.2
136.3
136.2
136.3
136.1
136.2
136.3
136.5
136.5
136.4
136.2
135.9
136.2
136.5
136.8
136.8
136.5
136.7
136.7
136.4
136.2
135.8
136.1
135.9
136.2
136.3
136.2
136.1
136.2
136
136.3
136.7
136.9
136.5
136.9
137.1
137.3
137.2
137.6
137.9
137.4
137.1
137.1
136.8
136.4
136.6
136.3
136.2
135.8
135.7
136.1
136.3
136.4
136.8
136.8
136.3
136.2
136.5
136.7
136.5
136.8
136.4
136.5
136.3
136.2
136.4
136.2
136
136.1
135.9
135.9
135.6
135.1
135.4
135.8
135.8
135.6
135.8
135.4
134.9
135.4
135.8
136.2
136.2
136.1
135.8
136.2
135.8
135.3
135.1
135.6
135.2
135.5
135.6
135.6
135.4
135.1
135.4
135.4
135.2
135.1
134.7
135
134.9
135
134.6
134.6
134.9
134.5
134.9
135
134.9
134.9
135.1
135.4
135.3
134.9
135
135.2
134.8
134.9
135.1
135.4
135.5
135.4
135.7
135.5
135.5
135.1
135.1
135.6
135.2
135.1
135.2
135.3
135.6
135.6
135.2
135.6
135.8
135.4
135
135.5
135.4
135
135.2
135
135.2
135
134.7
134.4
134
134.4
134.7
134.6
134.5
135
135.1
134.8
134.5
134.5
134.8
134.3
133.8
133.8
134.3
134.7
134.3
134.8
135
134.7
134.9
135
135.1
134.9
135.3
135.4
135.7
135.4
135.3
135
135.3
135.4
135.1
135.4
135.3
135.7
136
135.9
136.2
135.8
136.2
136.6
137
137
136.8
136.7
136.2
136.2
136.3
136
136.2
136
135.6
135.8
135.7
135.2
135.5
135.8
135.6
135.6
135.5
135.2
135
135
134.7
134.2
134.1
133.6
134.1
133.9
133.9
134.3
134.1
133.6
133.9
133.6
133.3
133.3
132.8
132.8
132.9
132.6
132.4
132.6
132.9
132.7
133
133.3
133.3
133.5
133.7
133.7
134.2
134.6
134.5
134.7
135.1
135.4
135.2
135
135.3
135.4
135.4
135.1
135.5
135.7
135.4
135.8
136
136
135.6
135.4
135.2
135.2
135.6
135.2
135
134.8
135
134.7
134.4
134.1
134.1
134.5
134.7
134.6
134.2
134.3
134.1
134.5
134.6
134.9
134.6
134.1
134
133.9
133.9
134
134.1
133.7
133.2
133.6
133.4
133.2
133.1
132.8
132.3
132.1
132.6
133.1
132.8
132.7
133.1
132.6
132.6
132.4
132.5
132
131.6
131.3
131.2
130.8
131.1
131.1
131.5
131.6
131.8
131.9
132.4
132.1
132.1
131.9
131.7
131.2
130.8
131.3
131.8
131.8
131.8
132.2
132.1
131.9
132.2
132.1
131.8
132.2
131.9
132.2
132.5
132.8
132.4
131.9
131.8
131.8
131.8
131.3
131.6
131.2
130.9
131.2
131.7
132.1
131.9
131.8
131.9
131.4
131.5
131.1
131.1
131
130.8
130.6
130.8
130.6
130.9
130.5
130.8
131.3
131.1
130.6
130.2
129.8
130.1
130.1
130.4
130.7
130.3
130.6
131
130.8
130.7
131
131.1
131.3
131
131.3
131.7
132.2
132.2
131.8
132
131.6
131.7
132
131.5
131.5
131
131.4
131.5
131.8
132.3
132.3
132.8
133
132.9
132.9
132.6
132.6
132.2
132.7
133.1
132.9
132.6
132.3
132.2
132.6
132.8
132.7
132.9
132.9
133.1
132.8
132.5
132.3
132.5
132.2
132
131.7
131.6
131.5
131.2
130.9
130.9
131.2
131.4
131.6
131.9
132.3
132.4
132.5
132.1
132
132.5
132.1
131.6
131.6
131.8
131.7
131.3
131.4
131.6
131.7
131.7
132.2
132.3
132.3
132.5
132.7
133.2
133.3
132.9
132.9
132.8
133
132.5
132.1
131.8
131.9
131.6
131.7
132.2
132.6
132.7
132.8
132.6
133
133.4
133.6
133.9
133.6
134.1
134.6
135
135.4
135.8
135.8
135.9
135.8
136.2
136
136
135.9
136
136.4
136.3
136.2
136.3
136.7
136.9
137.2
137.2
136.7
137
136.8
136.8
136.5
137
137
136.7
136.3
136.6
136.9
136.9
136.6
136.5
136.9
136.5
136
136.2
136.5
136.1
136.6
136.7
136.7
136.3
136.7
136.6
137
137
136.8
137
137.4
137.3
137.7
138
137.7
138.1
137.9
138.1
138.1
137.9
138.2
138.6
138.7
138.4
138.5
138.9
138.8
138.5
138.3
138.8
138.4
138.3
138.3
138.5
138.2
138.2
138.2
138.2
137.7
138.1
138.2
138.2
138.6
138.4
138.5
138.8
139
139.2
139.4
139.6
140.1
139.7
139.6
139.7
139.6
139.5
140
140.2
139.7
139.5
139.8
139.4
139.7
140
139.7
139.4
139.2
138.9
138.8
138.9
139.2
138.9
138.5
138
137.9
137.8
137.9
137.7
137.3
136.9
137.3
137
136.9
137
136.8
136.8
136.3
136.8
136.3
135.8
135.5
135.3
134.8
134.5
134.2
134.2
133.7
133.6
134
133.8
133.4
133.3
133
133.2
132.8
132.5
132.4
132.9
133.1
132.6
133.1
133.3
133.6
133.5
133.4
133
132.6
132.6
132.5
132.1
131.7
131.2
131.4
130.9
130.7
130.5
130.5
130.4
130.9
130.5
130.2
130.7
130.6
130.5
130.3
130.1
129.9
130.3
130.4
130.5
130.1
130.1
129.9
130
130.1
130.5
130.6
130.9
130.5
130.7
130.4
130.8
131.2
131.1
131.5
131.7
131.4
131.4
131.1
131.2
131.2
131.4
131.4
131.9
132
131.6
131.7
131.6
131.4
131.1
131.6
131.8
131.8
131.5
131.9
131.9
131.6
131.2
131.1
130.8
130.9
130.6
131
131.2
130.7
130.5
130.9
131.3
131.2
131.1
131.2
131.3
130.8
130.9
130.4
130.9
130.8
130.7
130.9
130.5
130
129.9
130.2
129.9
130.3
130.8
130.9
130.9
130.8
130.5
130.2
130.2
129.9
130.2
130.5
130.5
130
130.4
129.9
129.5
129.4
129
129.4
129.5
130
129.6
129.3
129.2
129.4
128.9
129.3
129.6
129.1
129.4
129.1
129.1
129.6
130.1
130.6
130.3
130.5
131
130.8
131
131.1
131.2
130.9
131.4
131.3
131.2
131.6
131.9
132.1
132.3
131.9
131.7
131.6
131.4
131.4
131.7
131.6
131.5
131.4
131.5
131.3
131
131
131.5
131.7
131.7
132
132
132.3
132.7
133
132.8
132.9
132.6
132.1
132.4
131.9
131.9
132
132
131.6
131.2
131
130.6
130.6
130.8
130.4
130.8
130.8
130.8
131
130.5
130.5
130.3
130.6
130.4
130
130.3
129.9
130.2
130.4
130.1
129.8
130.2
130.4
130.5
130.1
130.5
130.6
130.3
130.8
131
130.7
131.1
131.2
130.7
130.2
130.2
130.1
129.8
130
130.1
129.8
130.2
130.5
130.2
130.4
130.4
130.3
130.7
130.6